[header]
width=128
height=32
tilewidth=16
tileheight=16
orientation=orthogonal
background_color=0,0,0,255

[tilesets]
tileset=arne_sprites.png,16,16,0,0
tileset=../../../CS3113/assets/sprite_sheets/arne_sprites.png,16,16,0,0

[layer]
type=Tile Layer 1
data=
4,4,12,12,12,12,12,12,12,12,12,12,12,12,12,12,12,12,12,12,12,12,12,12,12,12,12,12,12,12,12,12,12,12,12,12,12,12,12,12,12,12,12,12,12,12,12,12,12,12,12,12,12,12,12,12,12,12,12,12,12,12,12,12,12,12,12,12,12,12,12,12,12,12,12,12,12,12,12,12,12,12,12,12,12,12,12,12,12,12,12,12,12,12,12,12,12,12,12,12,12,12,12,12,12,12,12,12,12,12,12,12,12,12,12,12,12,12,12,12,12,12,12,12,12,12,12,12,
4,4,12,12,12,12,12,12,12,12,12,12,12,12,12,12,12,12,12,12,12,12,12,12,12,12,12,12,12,12,12,12,12,12,12,12,12,12,12,12,12,12,12,12,12,12,12,12,12,12,12,12,12,12,12,12,12,12,12,12,12,12,12,12,12,12,12,12,12,12,12,12,12,12,12,12,12,12,12,12,12,12,12,12,12,12,12,12,12,12,12,12,12,12,12,12,12,12,12,12,12,12,12,12,12,12,12,12,12,12,12,12,12,12,12,12,12,12,12,12,12,12,12,12,12,12,12,12,
4,4,12,12,12,12,12,12,12,12,12,12,12,12,12,12,12,12,5,5,5,4,4,4,4,4,4,4,4,4,4,4,4,4,4,4,12,12,12,12,12,12,12,12,12,12,12,12,12,12,12,12,12,12,12,12,12,12,12,12,12,12,12,12,12,12,12,12,12,12,12,12,12,12,12,12,12,12,12,12,12,12,12,12,12,12,12,12,12,12,12,12,12,12,12,12,12,12,12,12,12,12,12,12,12,12,12,12,12,12,12,12,12,12,12,12,12,12,12,12,12,12,12,12,12,12,12,12,
4,4,12,12,12,12,12,12,12,12,12,12,12,12,12,12,12,5,5,5,12,12,12,12,12,12,12,12,12,12,12,12,12,12,12,4,12,12,12,12,12,12,12,12,12,12,12,12,12,12,12,12,12,12,12,12,12,12,12,12,12,12,12,12,12,12,12,12,12,12,12,12,12,12,12,12,12,12,12,12,12,12,12,12,12,12,12,12,12,12,12,12,12,12,12,12,12,12,12,12,12,12,12,12,12,12,12,12,12,12,12,12,12,12,12,12,12,12,12,12,12,12,12,12,12,12,12,12,
4,4,12,12,12,12,12,12,12,12,12,12,12,12,5,5,5,5,5,12,12,12,12,12,12,12,12,12,12,12,12,12,12,12,12,4,4,4,4,12,12,12,12,12,12,12,12,12,12,12,12,12,12,12,12,12,12,12,12,12,12,12,12,12,12,12,12,12,12,12,12,12,12,12,12,12,12,12,12,12,12,12,12,12,12,12,12,12,12,12,12,12,12,12,12,12,12,12,12,12,12,12,12,12,12,12,12,12,12,12,12,12,12,12,12,12,12,12,12,12,12,12,12,12,12,12,12,12,
4,4,12,12,12,12,12,12,12,12,12,12,12,5,5,5,5,12,12,12,12,12,12,12,12,12,12,12,12,12,12,12,12,12,12,12,12,12,12,4,4,4,4,4,12,12,12,12,12,12,12,12,12,12,12,4,4,4,4,4,4,4,4,4,12,12,12,12,12,12,12,12,12,12,12,12,12,12,12,12,12,12,12,12,12,12,12,12,12,12,12,12,12,12,12,12,12,12,12,12,12,12,12,12,12,12,12,12,12,12,12,12,12,12,12,12,12,12,12,12,12,12,12,12,12,12,12,12,
4,4,12,12,12,12,12,12,12,12,12,5,5,5,5,5,12,12,12,12,12,12,12,12,12,12,12,12,12,12,12,12,12,12,12,12,12,12,12,12,12,12,12,4,4,4,4,4,4,4,12,12,12,12,12,12,12,12,12,12,12,12,12,12,12,12,12,12,12,12,12,12,12,12,12,12,12,12,12,12,12,12,12,12,12,12,12,12,12,12,12,12,12,12,12,12,12,12,12,12,12,12,12,12,12,12,12,12,12,12,12,12,12,12,12,12,12,12,12,12,12,12,12,12,12,12,12,12,
4,4,12,12,12,12,12,12,12,12,5,5,5,5,5,12,12,12,12,12,12,12,12,12,12,12,12,12,12,12,12,12,12,12,12,12,12,12,12,12,12,12,12,12,12,12,12,12,12,12,12,12,12,12,12,12,12,12,12,12,12,12,12,12,12,12,12,12,12,12,4,4,4,4,4,12,12,12,12,12,12,12,12,12,12,12,12,12,12,12,12,12,12,12,12,12,12,12,12,12,12,12,12,12,12,12,12,12,12,12,12,12,12,12,12,12,12,12,12,12,12,12,12,12,12,12,12,12,
4,4,12,12,12,12,12,12,12,5,5,5,5,5,5,12,12,12,12,12,12,12,12,12,12,12,12,12,12,12,12,12,12,12,12,12,12,12,12,12,12,12,12,12,12,12,12,12,12,12,12,12,12,12,12,12,12,12,12,12,12,12,12,12,12,12,12,4,4,4,4,12,12,12,12,12,12,12,12,12,12,12,12,12,12,12,12,12,12,12,12,12,12,12,12,12,12,12,12,12,12,12,12,12,12,12,12,12,12,12,12,12,12,12,12,12,12,12,12,12,12,12,12,12,12,12,12,12,
4,4,12,12,12,12,12,12,12,5,5,5,5,5,12,12,12,12,12,12,12,12,12,12,12,12,12,12,12,12,12,12,12,12,12,12,12,12,12,12,12,12,12,12,12,12,12,12,12,12,12,12,12,12,12,12,12,12,12,12,12,12,12,12,12,12,12,12,12,12,12,12,12,12,12,12,12,12,12,12,12,12,12,12,12,12,12,12,12,12,12,12,12,12,12,12,12,12,12,12,12,12,12,12,12,12,12,12,12,12,12,12,12,12,12,12,12,12,12,12,12,12,12,12,12,12,12,12,
4,4,12,12,12,12,12,12,5,5,5,5,5,12,12,12,12,12,12,12,12,12,12,12,12,12,12,12,12,12,12,12,12,12,12,12,12,12,12,12,12,12,12,12,12,12,12,12,12,12,12,12,12,12,12,12,12,12,12,12,12,12,12,12,12,12,12,12,12,12,12,12,12,12,12,12,12,12,12,12,12,12,12,12,12,12,12,12,12,12,12,12,12,12,12,12,12,12,12,12,12,12,12,12,12,12,12,12,12,12,12,12,12,12,12,12,12,12,12,12,12,12,12,12,12,12,12,12,
4,4,4,12,12,12,12,12,12,12,12,12,12,12,12,12,12,12,12,12,12,12,12,12,12,12,12,12,12,12,12,12,12,12,12,12,12,12,12,12,12,12,12,12,12,12,12,12,12,12,12,12,12,12,12,12,12,12,12,12,12,12,12,12,12,12,12,12,12,12,12,12,12,12,12,12,12,12,12,12,12,12,12,12,12,12,12,12,12,12,12,12,12,12,12,12,12,12,12,12,12,12,12,12,12,12,12,12,12,12,12,12,12,12,12,12,12,12,12,12,12,12,12,12,12,12,12,12,
4,4,4,4,5,4,12,12,12,12,12,12,12,12,12,12,12,12,12,12,12,12,12,12,12,12,12,12,12,12,12,12,12,12,12,12,12,12,12,12,12,12,12,12,12,12,12,12,12,12,12,12,12,12,12,12,12,12,12,12,12,12,12,12,12,12,12,12,12,12,12,12,12,12,12,12,12,12,12,12,12,12,12,12,1,2,2,2,12,12,12,12,12,12,12,12,12,12,12,12,12,12,12,12,12,12,12,12,12,12,12,12,12,12,12,12,12,12,12,12,12,12,12,12,12,12,12,12,
4,12,4,4,4,4,4,12,12,12,12,12,12,12,12,12,12,12,12,12,12,12,12,12,12,12,12,12,12,12,12,12,12,12,12,12,12,12,12,12,12,12,12,12,12,12,12,12,12,12,12,12,12,12,12,12,12,12,12,12,12,12,12,12,12,12,12,12,12,12,12,12,12,12,12,12,12,12,12,12,12,1,19,17,34,35,4,5,2,2,12,12,12,12,12,12,12,12,12,12,12,12,12,12,12,12,12,12,12,12,12,12,12,12,12,12,12,12,12,12,12,12,12,12,12,12,12,12,
4,12,12,4,4,12,12,12,12,12,12,12,12,12,12,12,12,12,12,12,12,12,12,12,12,12,12,12,12,12,12,12,12,12,12,12,12,12,12,12,12,12,12,12,12,12,12,12,12,12,12,12,12,12,12,12,12,12,12,12,12,12,12,12,12,12,12,12,12,12,12,12,12,12,12,12,12,17,17,17,17,17,4,33,36,5,4,36,33,4,2,12,12,12,12,12,12,12,12,12,12,12,12,12,12,12,12,12,12,12,12,12,12,12,12,12,12,12,12,12,12,12,12,12,12,12,12,12,
4,12,12,12,12,12,12,12,12,5,5,5,5,12,12,12,12,12,12,12,12,12,12,12,12,12,12,12,12,12,12,12,12,12,12,12,12,12,12,12,12,12,12,12,12,12,12,12,12,12,12,12,12,12,12,12,12,12,12,12,12,12,12,12,12,12,12,12,12,12,12,12,12,12,17,17,17,36,35,34,34,35,36,33,33,5,4,5,4,36,36,4,12,12,12,12,12,12,12,12,12,12,12,12,12,12,12,12,12,12,12,12,12,12,12,12,12,12,12,12,12,12,12,12,12,12,12,12,
4,12,12,12,12,12,12,5,4,5,5,5,12,12,12,12,12,12,12,12,12,12,12,12,12,12,12,12,12,12,12,12,12,12,12,12,12,12,12,12,12,12,12,12,12,12,12,12,12,12,12,12,12,12,12,12,12,12,12,4,4,12,12,12,17,19,17,2,19,18,2,18,17,33,33,35,5,35,5,33,36,36,33,33,36,5,36,4,33,33,4,33,5,12,12,12,12,12,12,12,12,12,12,12,12,12,12,12,12,12,12,12,12,12,12,12,12,12,12,12,12,12,12,12,12,12,12,12,
4,12,12,12,12,12,12,5,5,5,5,12,12,12,12,12,12,12,12,12,12,12,12,12,12,12,12,12,12,12,12,12,12,12,12,12,12,12,12,12,12,12,12,12,12,12,12,12,12,12,12,12,12,12,12,12,12,17,19,2,18,17,2,17,35,36,34,5,33,4,4,36,5,36,5,5,4,33,4,5,4,5,33,5,33,33,4,4,33,5,36,12,12,12,12,12,12,12,12,12,12,12,12,12,12,12,12,12,12,12,12,12,12,12,12,12,12,12,12,12,12,12,12,12,12,12,12,12,
4,12,12,12,12,12,4,4,4,4,12,12,12,12,12,12,12,12,12,12,12,12,12,12,12,12,12,12,12,12,12,12,12,12,12,12,12,12,12,12,12,12,12,12,12,12,12,12,12,2,17,17,19,18,19,2,17,5,33,5,4,4,5,36,36,5,5,5,4,33,4,36,5,5,5,4,36,5,36,36,5,4,5,36,33,5,12,12,12,12,12,12,12,12,12,12,12,12,12,12,12,12,12,12,12,12,12,12,12,12,12,12,12,12,12,12,12,12,12,12,12,12,12,12,12,12,12,12,
4,12,12,12,12,12,4,4,4,12,12,12,12,12,12,12,12,12,12,12,12,12,12,12,12,12,12,12,12,12,12,12,12,12,12,12,12,12,12,12,17,12,12,12,12,17,18,2,19,17,5,33,4,33,5,33,5,4,36,4,36,33,4,4,5,33,36,4,36,36,5,4,12,5,5,33,12,12,12,12,12,12,12,12,12,12,12,12,12,12,12,12,12,12,12,12,12,12,12,12,12,12,12,12,12,12,12,12,12,12,12,12,12,12,12,12,12,12,12,12,12,12,12,12,12,12,12,12,
4,12,12,12,12,4,4,4,12,12,12,12,12,12,12,12,12,12,12,12,12,12,12,12,12,12,12,12,12,12,20,20,20,2,20,17,17,19,2,18,19,17,18,17,19,4,33,4,36,36,5,5,36,33,5,4,4,4,33,36,33,4,4,12,12,12,12,12,12,12,12,12,12,12,12,12,12,12,12,12,12,12,12,12,12,12,12,12,12,12,12,12,12,12,12,12,12,12,12,12,12,12,12,4,4,4,4,4,5,12,12,12,12,12,12,12,12,12,12,12,12,12,12,12,12,12,12,12,
4,12,12,12,12,5,4,12,12,12,12,12,12,12,12,12,12,12,12,12,12,12,12,12,1,2,18,17,19,20,33,33,33,33,33,36,36,33,36,36,36,4,5,33,33,36,5,5,4,5,4,33,5,33,4,33,12,12,12,12,12,12,12,12,12,12,12,12,12,12,12,12,12,12,12,12,12,12,12,12,12,12,12,12,12,12,12,12,12,12,12,12,12,12,12,12,12,12,12,12,5,4,4,4,4,4,5,5,34,12,12,12,12,12,12,12,12,12,12,12,12,12,12,12,12,12,12,12,
4,12,12,12,5,5,12,12,12,12,12,12,12,12,12,12,12,12,12,12,1,2,2,2,34,34,36,36,33,33,33,33,36,36,36,4,33,36,36,36,4,5,33,33,5,5,5,5,4,36,12,12,12,12,12,12,12,12,12,12,12,12,12,12,12,12,12,12,12,12,12,12,12,12,12,12,12,12,12,12,12,12,12,12,12,12,12,12,12,12,12,12,12,12,12,12,12,12,12,5,4,4,4,4,4,5,34,34,34,12,12,12,12,12,12,12,12,12,12,12,12,12,12,12,12,12,12,12,
4,12,12,12,12,12,12,12,12,12,12,12,12,12,12,12,12,2,2,2,2,34,34,34,36,36,36,36,36,36,5,36,5,4,36,36,5,36,4,36,36,4,33,4,5,4,12,12,12,12,12,12,12,12,12,12,12,12,12,12,12,12,12,12,12,12,12,12,12,12,12,12,12,12,12,12,12,12,12,12,12,12,12,12,12,12,12,12,12,12,12,12,12,12,12,12,12,5,5,4,4,5,4,4,5,34,35,34,35,12,12,12,12,12,12,12,12,12,12,12,12,12,12,12,12,12,12,12,
5,5,12,12,12,12,12,12,12,12,12,12,12,1,2,2,2,34,34,34,34,36,36,36,36,12,12,12,12,12,12,12,12,12,12,12,12,12,12,12,12,12,12,12,12,12,12,12,12,12,12,12,12,12,12,12,12,12,12,12,12,12,12,12,12,12,12,12,12,12,12,12,12,12,12,12,12,12,12,12,12,12,12,12,12,12,12,12,12,12,12,12,12,12,5,4,4,4,4,4,4,4,5,34,35,34,35,35,34,12,12,12,12,12,12,12,12,12,12,12,12,12,12,12,12,12,12,12,
5,5,5,12,12,12,12,12,12,12,2,2,2,34,34,34,34,34,36,36,36,36,12,12,12,12,12,12,12,12,12,12,12,12,12,12,12,12,12,12,12,12,12,12,12,12,12,12,12,12,12,12,12,12,12,12,12,12,12,12,12,12,12,12,12,12,12,12,12,12,12,12,12,12,12,12,12,12,12,12,12,12,5,5,12,12,12,12,12,4,4,4,5,4,4,4,4,4,4,4,4,35,34,34,35,34,34,35,35,12,12,12,12,12,12,12,12,12,12,12,12,12,12,12,12,12,12,12,
5,12,12,12,12,12,17,2,3,2,2,34,34,34,33,33,36,36,36,36,36,12,12,12,12,12,12,12,12,12,12,12,12,12,12,12,12,12,12,12,12,12,12,12,12,12,12,12,12,12,12,12,12,12,12,12,12,12,12,12,12,12,12,12,12,12,12,12,12,12,12,12,5,5,5,5,5,5,5,4,4,4,5,4,12,12,12,12,12,4,4,4,4,4,4,4,4,4,4,34,34,34,34,34,34,35,35,35,34,12,12,12,12,12,12,12,12,12,12,12,12,12,12,12,12,12,12,12,
5,12,12,12,12,33,33,33,34,33,33,34,34,12,12,12,12,12,12,12,12,12,12,12,12,12,12,12,12,12,12,12,12,12,12,12,12,12,5,5,5,12,12,12,12,12,12,12,12,12,12,12,12,12,12,12,12,12,12,12,12,12,12,12,12,12,12,12,12,12,12,12,5,5,5,5,5,4,4,4,5,5,5,5,101,101,102,102,102,4,4,4,4,4,4,4,34,34,34,35,35,34,35,35,35,34,34,35,34,12,12,12,12,12,12,12,12,12,12,12,12,12,12,12,12,12,12,12,
4,4,12,12,12,12,12,12,12,12,12,12,12,12,12,12,12,12,12,12,12,12,12,12,12,12,12,12,12,4,4,4,5,5,5,5,5,5,5,4,5,5,4,4,4,5,12,12,12,12,12,12,12,12,12,12,12,12,12,12,12,12,12,12,5,5,5,5,5,5,5,5,5,5,5,5,5,4,5,4,4,4,4,5,5,5,5,5,4,4,4,4,4,4,34,34,35,35,35,35,34,35,34,34,35,35,35,35,34,12,12,12,12,12,12,12,12,12,12,12,12,12,12,12,12,12,12,12,
4,4,4,12,12,12,12,12,12,12,12,12,12,12,12,12,12,12,12,12,12,12,12,4,4,4,4,4,4,4,5,4,4,5,5,5,4,5,4,5,5,4,5,5,5,5,5,5,5,5,5,5,5,5,5,5,5,5,5,5,5,5,5,5,5,5,5,5,5,5,4,5,5,5,5,5,5,4,4,5,5,5,5,5,5,4,4,4,4,4,4,4,34,34,34,35,34,35,34,34,35,34,34,34,35,35,34,34,35,12,12,12,12,12,12,12,12,12,12,12,12,12,12,12,12,12,12,12,
4,4,4,4,4,5,5,5,5,4,4,4,12,12,12,12,12,4,4,4,4,4,4,5,5,4,4,5,4,5,5,4,4,5,4,5,4,4,4,4,4,4,5,4,5,5,4,4,4,4,4,5,5,5,4,5,4,4,4,4,4,5,4,5,5,5,5,4,4,5,5,4,5,4,4,4,4,4,4,4,4,4,4,5,4,4,4,4,4,4,35,34,35,35,34,35,35,35,34,35,34,34,34,35,35,35,35,35,35,12,12,12,12,12,12,12,12,12,12,12,12,12,12,12,12,12,12,12,
4,4,4,4,4,4,4,5,4,5,4,4,5,5,5,5,5,5,4,4,4,4,4,4,5,4,5,4,4,4,4,4,4,4,4,4,4,4,4,4,4,5,4,5,5,4,4,5,5,4,4,4,4,4,5,5,5,5,5,5,5,4,4,4,5,4,5,5,5,4,4,4,4,4,4,4,4,5,5,5,4,4,4,4,34,35,35,35,34,34,34,35,35,34,35,34,35,35,34,34,35,34,34,35,35,34,34,34,35,12,12,12,12,12,12,12,12,12,12,12,12,12,12,12,12,12,12,12

[Enemy]
# e_legs
type=legs
location=9,28,1,1

[Enemy]
# e_legs
type=legs
location=67,26,1,1

[Enemy]
# e_legs
type=legs
location=54,27,1,1

[Enemy]
# e_legs
type=legs
location=95,21,1,1

[Enemy]
# e_legs
type=legs
location=32,26,1,1

[Enemy]
# e_legs
type=legs
location=40,18,1,1

[Enemy]
# e_legs
type=legs
location=9,13,1,1

[Enemy]
# e_legs
type=legs
location=57,3,1,1

[Enemy]
# e_legs
type=legs
location=43,3,1,1

[Enemy]
# e_legs
type=legs
location=29,0,1,1

[Enemy]
# e_legs
type=legs
location=12,2,1,1

[Enemy]
# Spec
type=red
location=66,14,1,1

[Enemy]
# Spec
type=red
location=60,2,1,1

[Red_Enemy]
# Spec
type=red
location=76,24,1,1

[Key]
# key_1
type=Key_1
location=-15,-3,1,1

[Key]
# key_2
type=Key_2
location=-14,-3,1,1

[Key]
# key
type=Key
location=59,14,1,1

[Player]
# Player_1
type=Player
location=5,24,1,1

