[header]
width=128
height=32
tilewidth=16
tileheight=16
orientation=orthogonal
background_color=0,0,0,255

[tilesets]
tileset=arne_sprites.png,16,16,0,0
tileset=../../../CS3113/assets/sprite_sheets/arne_sprites.png,16,16,0,0
tileset=../../../CS3113/assets/sprite_sheets/arne_sprites.png,16,16,0,0

[layer]
type=Tile Layer 1
data=
12,12,12,12,12,12,12,12,12,12,12,12,12,12,12,12,12,12,12,12,12,12,12,12,12,12,12,12,12,12,12,12,12,12,12,12,12,12,12,12,12,12,12,12,12,12,12,12,12,12,12,12,12,12,12,12,12,12,12,12,12,12,12,12,12,12,12,12,12,12,12,12,12,12,12,12,12,12,12,12,12,12,12,12,12,12,12,12,12,12,12,12,12,12,12,12,12,12,12,12,12,12,12,12,12,12,12,12,12,12,12,12,12,12,12,12,12,12,12,12,12,12,12,12,12,12,12,12,
12,12,12,12,12,12,12,12,12,12,12,12,12,12,12,12,12,12,12,12,12,12,12,12,12,12,12,12,12,12,12,12,12,12,12,12,12,12,12,12,12,12,12,12,12,12,12,12,12,12,12,12,12,12,12,12,12,12,12,12,12,12,12,12,12,12,12,12,12,12,12,12,12,12,12,12,12,12,12,12,12,12,12,12,12,12,12,12,12,12,12,12,12,12,12,12,12,12,12,12,12,12,12,12,12,12,12,12,12,12,12,12,12,12,12,12,12,12,12,12,12,12,12,12,12,12,12,12,
12,12,12,12,12,12,12,12,12,12,12,12,12,12,12,12,12,12,12,12,12,12,12,12,12,12,12,12,12,12,12,12,12,12,12,12,12,12,12,12,12,12,12,12,12,12,12,12,12,12,12,12,12,12,12,12,12,12,12,12,12,12,12,12,12,12,12,12,12,12,12,12,12,12,12,12,12,12,12,12,12,12,12,12,12,12,12,12,12,12,12,12,12,12,12,12,12,12,12,12,12,12,12,12,12,12,12,12,12,12,12,12,12,12,12,12,12,12,12,12,12,12,12,12,12,12,12,12,
12,12,12,12,12,12,12,12,12,12,12,12,12,12,12,12,12,12,12,12,12,12,12,12,12,12,12,12,12,12,12,12,12,12,12,12,12,12,12,12,12,12,12,12,12,12,12,12,12,12,12,12,12,12,12,12,12,12,12,12,12,12,12,12,12,12,12,12,12,12,12,12,12,12,12,12,12,12,12,12,12,12,12,12,12,12,12,12,12,12,12,12,12,12,12,12,12,12,12,12,12,12,12,12,12,12,12,12,12,12,12,12,12,12,12,12,12,12,12,12,12,12,12,12,12,12,12,12,
12,12,12,12,12,12,12,12,12,12,12,12,12,12,12,12,12,12,12,12,12,12,12,12,12,12,12,12,12,12,12,12,12,12,12,12,12,12,12,12,12,12,12,12,12,12,12,12,12,12,12,12,12,12,12,12,12,12,12,12,12,12,12,12,12,12,12,12,12,12,12,12,12,12,12,12,12,12,12,12,12,12,12,12,12,12,12,12,12,12,12,12,12,12,12,12,12,12,12,12,12,12,12,12,12,12,12,12,12,12,12,12,12,12,12,12,12,12,12,12,12,12,12,12,12,12,12,12,
12,12,12,12,12,12,12,12,12,12,12,12,12,12,12,12,12,12,12,12,12,12,12,12,12,12,12,12,12,12,12,12,12,12,12,12,12,12,12,12,12,12,12,12,12,12,12,12,12,12,12,12,12,12,12,12,12,12,12,12,12,12,12,12,12,12,12,12,12,12,12,12,12,12,12,12,12,12,12,12,12,12,12,12,12,12,12,12,12,12,12,12,12,12,12,12,12,12,12,12,12,12,12,12,12,12,12,12,12,12,12,12,12,12,12,12,12,12,12,12,12,12,12,12,12,12,12,12,
20,20,12,12,12,12,12,12,12,12,12,12,12,12,12,12,12,12,12,12,12,12,12,12,12,12,12,12,12,12,12,12,12,12,12,12,12,12,12,12,12,12,12,12,12,12,12,12,12,12,12,12,12,12,12,12,12,12,12,12,12,12,12,12,12,12,12,12,12,12,12,12,12,12,12,12,12,12,12,12,12,12,12,12,12,12,12,12,12,12,12,12,12,12,12,12,12,12,12,12,12,12,12,12,12,12,12,12,12,12,12,12,12,12,12,12,12,12,12,12,12,12,12,12,12,12,12,12,
33,20,20,20,20,20,12,12,12,12,12,12,12,12,12,12,12,12,12,12,12,12,12,12,12,12,12,12,12,12,12,12,12,12,12,12,12,12,12,12,12,12,12,12,12,12,12,12,12,12,12,12,12,12,12,12,12,12,12,12,12,12,12,12,12,12,12,12,12,12,12,12,12,12,12,12,12,12,12,12,12,12,12,12,12,12,12,12,12,12,12,12,12,12,12,12,12,12,12,12,12,12,12,12,12,12,12,12,12,12,12,12,12,12,12,12,12,12,12,12,12,12,12,12,12,12,12,12,
33,33,33,33,33,33,20,20,20,20,12,12,12,12,12,12,12,12,12,12,12,12,12,12,12,12,12,12,12,12,12,12,12,12,12,12,12,12,12,12,12,12,12,12,12,12,12,12,12,12,12,12,12,12,12,12,12,12,12,12,12,12,12,12,12,12,12,4,5,4,4,12,12,12,12,12,12,12,12,12,12,12,12,12,12,12,12,12,12,12,12,12,12,12,12,12,12,12,12,12,12,12,12,12,12,12,12,12,12,12,12,12,12,12,12,12,12,12,12,12,12,12,12,12,12,12,12,12,
34,34,34,34,34,33,33,33,33,33,20,20,12,12,12,12,12,12,12,12,12,12,12,12,12,12,12,12,12,12,12,12,12,12,12,12,12,12,12,12,12,12,12,12,12,12,12,12,12,12,12,12,12,12,12,12,12,12,12,12,12,12,12,12,12,12,12,4,5,5,5,12,12,12,12,12,12,12,12,12,12,12,12,12,12,12,12,12,12,12,12,12,12,12,12,12,12,12,12,12,12,12,12,12,12,12,12,12,12,12,12,12,12,12,12,12,12,12,12,12,12,12,12,12,12,12,12,12,
34,34,34,34,36,36,36,36,36,36,20,20,20,20,20,12,12,12,12,12,12,12,12,12,12,12,12,12,12,12,12,12,12,12,12,12,12,12,12,12,12,12,12,12,12,12,12,12,12,12,12,12,12,12,12,12,12,12,12,12,12,12,12,12,12,12,12,5,5,4,4,5,12,12,12,12,12,12,12,12,12,12,12,12,12,12,12,12,12,12,12,12,12,12,12,12,12,12,12,12,12,12,12,12,12,12,12,12,12,12,12,12,12,12,12,12,12,12,12,12,12,12,12,12,12,12,12,12,
34,34,34,34,34,34,34,33,33,33,33,33,33,33,20,12,12,12,12,12,12,12,12,12,12,12,12,12,12,12,12,12,12,12,12,12,12,12,12,12,12,12,12,12,12,12,12,12,12,12,12,12,12,12,12,12,12,12,12,12,12,12,12,12,12,12,12,5,4,4,4,5,12,12,12,12,12,12,12,12,12,12,12,12,12,12,12,12,12,12,12,12,12,12,12,12,12,12,12,12,12,12,12,12,12,12,12,12,12,12,12,12,12,12,12,12,12,12,12,12,12,12,12,12,12,12,12,12,
4,4,4,4,4,4,34,4,4,36,33,33,33,12,12,12,12,12,12,12,12,12,12,12,12,12,12,12,12,12,12,12,12,12,12,12,12,12,12,12,1,2,2,3,12,12,12,12,12,12,12,12,12,12,12,12,12,12,12,12,12,12,12,12,12,12,12,4,5,5,4,4,12,12,12,12,12,12,12,12,12,12,12,12,12,12,12,12,12,12,12,12,12,12,12,12,12,12,12,12,12,12,12,12,12,12,12,12,12,12,12,12,12,12,12,12,12,12,12,12,12,12,12,12,12,12,12,12,
4,4,4,4,4,4,4,5,33,33,33,33,33,12,12,12,12,12,12,12,12,12,12,12,12,12,12,12,12,12,12,12,12,12,12,12,12,12,1,2,34,34,34,34,2,3,12,12,12,12,12,12,12,12,12,12,12,12,12,12,12,12,12,12,12,12,12,4,5,4,5,4,4,12,12,12,12,12,12,12,12,12,12,12,12,12,12,12,12,12,12,12,12,12,12,12,12,12,12,12,12,12,12,12,12,12,12,12,12,12,12,12,12,12,12,12,12,12,12,12,12,12,12,12,12,12,12,12,
4,4,4,4,4,5,5,5,4,4,4,4,4,12,12,12,12,12,12,12,12,12,12,12,12,12,12,12,12,12,12,12,12,12,12,12,12,1,33,33,33,35,33,33,33,35,5,12,12,12,12,12,12,12,12,12,12,12,12,12,12,12,12,12,12,12,12,4,5,4,4,4,4,12,12,12,12,12,12,12,12,12,12,12,12,12,12,12,12,12,12,12,12,12,12,12,12,12,12,12,12,12,12,12,12,12,12,12,12,12,12,12,12,12,12,12,12,12,12,12,12,12,12,12,12,12,12,12,
4,4,12,12,12,12,12,12,12,12,12,12,4,4,4,12,12,12,12,12,12,12,12,12,12,12,12,12,12,12,12,12,12,12,12,12,1,33,33,35,36,36,36,36,33,33,5,5,12,12,12,12,12,12,12,12,12,12,12,12,12,12,12,12,12,12,12,4,4,5,4,4,4,12,12,12,12,12,12,12,12,12,12,12,12,12,12,12,12,12,12,12,12,12,12,12,12,12,12,12,12,12,12,12,12,12,12,12,12,12,12,12,12,12,12,12,12,12,12,12,12,12,12,12,12,12,12,12,
4,12,12,12,12,12,12,12,12,12,12,12,12,12,12,12,12,12,12,12,12,12,12,12,12,12,1,2,2,2,2,2,2,2,2,2,34,35,36,36,36,36,33,33,33,5,5,12,12,12,12,12,257,276,276,2,2,2,2,2,2,2,2,2,2,2,2,2,4,4,5,4,5,12,12,12,12,12,12,12,12,12,12,12,12,12,12,12,12,12,12,12,12,12,12,12,12,12,12,12,12,12,12,12,12,12,12,12,12,12,12,12,12,12,12,12,12,12,12,12,12,12,12,12,12,12,12,12,
4,12,12,12,12,12,12,12,12,12,12,12,12,12,12,12,12,12,12,12,12,12,12,20,2,2,35,35,35,35,35,35,35,35,35,36,36,36,36,36,33,33,33,5,5,5,12,12,12,12,4,260,260,260,289,35,34,33,35,35,35,35,34,34,34,35,35,35,4,4,4,4,4,12,12,12,12,12,12,12,12,12,12,12,12,12,12,12,12,12,12,12,12,12,12,12,12,12,12,12,12,12,12,12,12,12,12,12,12,12,12,12,12,12,12,12,12,12,12,12,12,12,12,12,12,12,12,12,
4,12,12,12,12,12,12,12,12,12,12,12,12,12,12,12,12,12,12,12,12,12,20,35,35,35,35,36,36,36,36,36,35,36,36,36,36,33,33,33,33,33,5,5,5,12,12,12,12,4,4,260,289,289,289,34,35,34,33,35,33,35,34,35,35,34,34,34,5,5,5,4,4,12,12,12,12,12,12,12,12,12,12,12,12,12,12,12,12,12,12,12,12,12,12,12,12,12,12,12,12,12,12,12,12,12,12,12,12,12,12,12,12,12,12,12,12,12,12,12,12,12,12,12,12,12,12,12,
4,12,12,12,12,12,12,12,12,12,12,12,12,12,12,12,12,12,12,12,12,20,35,35,36,36,36,36,36,36,33,33,33,33,5,12,12,5,5,5,5,12,12,12,12,12,12,12,4,4,4,289,289,33,33,35,34,33,33,35,33,34,33,33,34,34,34,35,4,5,5,4,4,12,12,12,12,12,12,12,12,12,12,12,12,12,12,12,12,12,12,12,12,12,12,12,12,12,12,12,12,12,12,12,12,12,12,12,12,12,12,12,12,12,12,12,12,12,12,12,12,12,12,12,12,12,12,12,
4,4,4,4,4,12,12,4,4,4,4,4,12,12,12,12,12,2,2,20,20,34,36,36,36,36,33,33,33,5,12,5,5,5,5,12,12,12,12,12,12,12,12,12,12,12,12,4,4,289,289,289,33,35,33,35,34,33,33,35,33,33,33,33,34,35,35,34,4,5,4,5,4,12,12,12,12,12,12,12,12,12,12,12,12,12,12,12,12,12,12,12,12,12,12,12,12,12,12,12,12,12,12,12,12,12,12,12,12,12,12,12,12,12,12,12,12,12,12,12,12,12,12,12,12,12,12,12,
4,4,4,4,4,12,12,4,4,4,4,5,4,20,20,20,20,33,35,33,36,36,36,36,33,33,5,5,12,12,12,12,12,12,12,12,12,12,12,12,12,12,12,12,4,4,4,289,289,289,34,35,34,35,35,34,34,33,35,35,33,34,33,34,35,33,33,5,5,4,4,5,4,12,12,12,12,12,12,12,12,12,12,12,12,12,12,12,12,12,12,12,12,12,12,12,12,12,12,12,12,12,12,12,12,12,12,12,12,12,12,12,12,12,12,12,12,12,12,12,12,12,12,12,12,12,12,12,
4,4,4,4,4,12,12,4,5,5,5,4,33,33,20,20,36,35,35,36,36,36,36,33,5,5,5,12,12,12,12,12,12,12,12,12,12,12,12,12,12,4,4,4,4,289,289,289,35,34,33,34,34,33,35,35,34,34,33,34,33,34,35,35,33,34,34,5,5,5,4,4,4,12,12,12,12,12,12,12,12,12,12,12,12,12,12,12,12,12,12,12,12,12,12,12,12,12,12,12,12,12,12,12,12,12,12,12,12,12,12,12,12,12,12,12,12,12,12,12,12,12,12,12,12,12,12,12,
4,4,4,4,4,12,12,5,5,4,4,4,33,36,36,36,33,36,36,36,33,33,33,33,5,12,12,12,12,12,12,12,12,12,12,12,12,12,4,260,4,289,289,289,289,289,35,33,34,35,33,33,33,34,34,33,33,35,34,35,34,34,35,34,35,35,33,4,4,5,5,4,5,12,12,12,12,12,12,12,12,12,12,12,12,12,12,12,12,12,12,12,12,12,12,12,12,12,12,12,12,12,12,12,12,12,12,12,12,12,12,12,12,12,12,12,12,12,12,12,12,12,12,12,12,12,12,12,
4,4,4,4,4,12,12,4,4,4,4,4,36,33,33,33,33,36,33,33,33,5,12,12,12,12,12,12,12,12,12,12,12,12,12,12,4,260,260,260,289,292,292,33,34,33,35,34,34,33,33,35,34,34,34,34,35,35,35,33,33,33,35,33,34,35,33,34,5,4,5,4,4,12,12,12,12,12,12,12,12,12,12,12,12,12,12,12,12,12,12,12,12,12,12,12,12,12,12,12,12,12,12,12,12,12,12,12,12,12,12,12,12,12,12,12,12,12,12,12,12,12,12,12,12,12,12,12,
4,4,4,4,4,12,12,4,4,4,4,4,36,33,33,33,33,5,5,12,12,12,12,12,12,12,12,12,12,12,12,12,4,4,4,260,260,260,289,292,289,35,33,33,35,34,34,34,34,34,33,33,34,33,35,34,34,35,34,34,34,34,33,35,34,34,35,35,4,4,5,4,4,12,12,12,12,12,12,12,12,12,12,12,12,12,12,12,12,12,12,12,12,12,12,12,12,12,12,12,12,12,12,12,12,12,12,12,12,12,12,12,12,12,12,12,12,12,12,12,12,12,12,12,12,12,12,12,
4,4,4,4,4,12,12,4,4,5,5,4,4,4,33,12,12,12,12,12,12,12,12,12,12,12,12,12,12,12,4,4,4,4,289,289,289,289,289,289,292,34,34,33,34,33,34,35,33,33,33,34,33,33,35,34,33,35,35,34,35,35,34,35,33,33,35,35,5,5,4,5,4,12,12,12,12,12,12,12,12,12,12,12,12,12,12,12,12,12,12,12,12,12,12,12,12,12,12,12,12,12,12,12,12,12,12,12,12,12,12,12,12,12,12,12,12,12,12,12,12,12,12,12,12,12,12,12,
4,4,4,4,4,12,12,12,12,12,12,12,12,12,12,12,12,12,12,12,12,12,12,12,12,12,4,4,4,4,4,4,289,292,289,289,292,33,33,35,33,34,35,33,33,33,33,33,33,35,35,34,34,35,33,35,33,35,34,33,34,33,35,34,34,34,34,34,4,5,4,4,4,12,12,12,12,12,12,12,12,12,12,12,12,12,12,12,12,12,12,12,12,12,12,12,12,12,12,12,12,12,12,12,12,12,12,12,12,12,12,12,12,12,12,12,12,12,12,12,12,12,12,12,12,12,12,12,
4,4,4,4,4,12,12,12,12,12,12,12,12,12,12,12,12,12,12,12,12,12,12,4,4,4,4,4,292,289,292,292,292,292,289,292,35,35,34,35,33,35,34,34,35,33,34,35,34,33,34,35,34,35,34,33,35,34,34,33,33,33,34,34,34,34,34,35,5,5,5,5,4,12,12,12,12,12,12,12,12,12,12,12,12,12,12,12,12,12,12,12,12,12,12,12,12,12,12,12,12,12,12,12,12,12,12,12,12,12,12,12,12,12,12,12,12,12,12,12,12,12,12,12,12,12,12,12,
4,4,4,4,4,12,4,12,12,12,12,12,12,12,12,4,4,4,4,4,4,4,4,4,4,289,289,289,292,289,292,292,289,292,292,33,33,33,33,33,34,35,34,33,34,35,35,33,33,35,35,33,34,35,35,34,35,33,33,35,34,33,35,34,34,33,34,34,5,5,5,4,4,12,12,12,12,12,12,12,12,12,12,12,12,12,12,12,12,12,12,12,12,12,12,12,12,12,12,12,12,12,12,12,12,12,12,12,12,12,12,12,12,12,12,12,12,12,12,12,12,12,12,12,12,12,12,12,
4,4,4,4,4,12,12,12,12,12,12,12,4,4,4,4,4,4,4,4,4,4,292,289,292,289,292,292,289,292,292,289,289,34,34,34,33,34,34,34,35,35,33,34,34,34,35,33,34,34,35,35,34,33,33,34,34,34,33,35,34,35,33,33,34,35,35,34,4,5,4,4,4,12,12,12,12,12,12,12,12,12,12,12,12,12,12,12,12,12,12,12,12,12,12,12,12,12,12,12,12,12,12,12,12,12,12,12,12,12,12,12,12,12,12,12,12,12,12,12,12,12,12,12,12,12,12,12,
4,4,4,4,4,102,101,4,4,4,4,4,4,4,4,289,292,292,289,292,292,292,292,292,292,292,292,292,289,292,292,35,33,35,33,33,34,35,35,33,33,35,35,35,35,34,35,34,35,35,33,35,35,34,35,33,33,35,34,33,35,33,33,33,33,34,34,34,5,5,4,5,4,12,12,12,12,12,12,12,12,12,12,12,12,12,12,12,12,12,12,12,12,12,12,12,12,12,12,12,12,12,12,12,12,12,12,12,12,12,12,12,12,12,12,12,12,12,12,12,12,12,12,12,12,12,12,12

[Player]
# Player_1
type=Player
location=2,18,1,1

[Key]
# key_2
type=Key_2
location=4,18,1,1

[Key]
# key
type=Key
location=-8,-1,1,1

[Key]
# key_1
type=Key_1
location=-11,-1,1,1

[Enemy]
# e_legs
type=legs
location=19,18,1,1

[Enemy]
# e_legs
type=legs
location=28,14,1,1

[Enemy]
# e_legs
type=legs
location=33,14,1,1

[Enemy]
# e_legs
type=legs
location=30,14,1,1

[Enemy]
# e_legs
type=legs
location=24,15,1,1

[Red_Enemy]
# Spec
type=red
location=13,13,1,1

[Red_Enemy]
# Spec
type=red
location=41,11,1,1

